       -----------------------------------------------------------
       -----------------------------------------------------------
 00    ----01--------02--------03--------04--------05--------06---
       41 | | 42,41 | | 42,41 | | 42,41 | | 42,41 | | 42,41 | S 42
       39 | H 40,39 | | 40,39 | | 40,39 | | 40,39 | M 40,39 | | 40
       37 | | 38,37 | | 38,37 | | 38,37 | ? 38,37 | | 38,37 | | 38
       35 | | 36,35 | | 36,35 | | 36,35 | | 36,35 | | 36,35 | | 36
       33 | | 34,33 | | 34,33 | | 34,33 | | 34,33 | | 34,33 | | 34
       31 | U 32,31 | | 32,31 | | 32,31 ? | 32,31 I | 32,31 | | 32
       29 | | 30,29 O | 30,29 | C 30,29 | | 30,29 | | 30,29 R | 30
       -----------------------------------------------------------
       -----------------------------------------------------------
       -----------------------------------------------------------
       27 | | 28,27 | | 28,27 | | 28,27 | | 28,27 | | 28,27 | | 28      
       25 | | 26,25 | | 26,25 | | 26,25 | | 26,25 | | 26,25 | | 26
       23 | | 24,23 | | 24,23 | | 24,23 D | 24,23 | | 24,23 | | 24          
       21 | | 22,21 P | 22,21 | J 22,21 | | 22,21 | | 22,21 K | 22
       19 | | 20,19 | | 20,19 | | 20,19 | | 20,19 | Q 20,19 | | 20          
       17 | | 18,17 | | 18,17 | | 18,17 | | 18,17 | | 18,17 | | 18
       15 | V 16,15 G | 16,15 | | 16,15 L | 16,15 | | 16,15 | | 16          
       -----------------------------------------------------------
       -----------------------------------------------------------
       -----------------------------------------------------------
| | ** 13 | | 14,13 F | 14,13 | | 14,13 T | 14,13 | | 14,13 B | 14
| | ** 11 | | 12,11 | | 12,11 | | 12,11 | | 12,11 | | 12,11 | | 12 
| | ** 09 | | 10,09 | | 10,09 A | 10,09 | | 10,09 | | 10,09 | | 10 
| | ** 07 | | 08,07 | | 08,07 | | 08,07 | | 08,07 | N 08,07 | | 08 
| | ** 05 E | 06,05 | | 06,05 | | 06,05 | | 06,05 | | 06,05 | | 06 
| | ** 03 | | 04,03 | | 04,03 | | 04,03 | | 04,03 $ | 04,03 | | 04 
| | **,01 | | 02,01 | | 02,01 | | 02,01 | | 02,01 | | 02,01 | | 02 
------------------------------------------------------------------
------------------------------------------------------------------
------------------------------------------------------------------
 [E]**,** | | 
