-----------------------------------------------------------
-----------------------------------------------------------
----01--------02--------03--------04--------05--------06---
41 | | 42,41 | | 42,41 | | 42,41 | | 42,41 | | 42,41 | | 42
39 e | 40,39 | | 40,39 | | 40,39 | | 40,39 | | 40,39 | | 40
37 | | 38,37 | | 38,37 | | 38,37 f | 38,37 | | 38,37 | | 38
35 | | 36,35 f | 36,35 | | 36,35 g | 36,35 | | 36,35 | | 36
33 | | 34,33 | | 34,33 | | 34,33 h | 34,33 | | 34,33 | | 34
31 | | 32,31 g | 32,31 | | 32,31 | h 32,31 | | 32,31 | | 32
29 | | 30,29 | | 30,29 | | 30,29 | | 30,29 | | 30,29 | b 30
-----------------------------------------------------------
-----------------------------------------------------------
-----------------------------------------------------------
27 | | 28,27 | | 28,27 | | 28,27 | | 28,27 | | 28,27 | | 28      
25 i | 26,25 | | 26,25 | | 26,25 | | 26,25 | | 26,25 | | 26
23 | i 24,23 | | 24,23 | | 24,23 | | 24,23 d | 24,23 | | 24          
21 a | 22,21 | j 22,21 | k 22,21 k | 22,21 c | 22,21 | | 22
19 | | 20,19 j | 20,19 | | 20,19 | | 20,19 d | 20,19 | | 20          
17 | | 18,17 | | 18,17 | | 18,17 | | 18,17 | | 18,17 | | 18
15 | | 16,15 | | 16,15 | | 16,15 | | 16,15 | | 16,15 | | 16          
-----------------------------------------------------------
-----------------------------------------------------------
-----------------------------------------------------------
13 | | 14,13 | | 14,13 | | 14,13 | | 14,13 | | 14,13 | | 14
11 | | 12,11 | | 12,11 | | 12,11 | | 12,11 | | 12,11 | | 12             +0
09 | | 10,09 | | 10,09 e | 10,09 | b 10,09 | l 10,09 l | 10 p5
07 a | 08,07 | | 08,07 | | 08,07 | | 08,07 | | 08,07 | | 08 p4            +0
05 | | 06,05 | | 06,05 | | 06,05 | | 06,05 | | 06,05 | | 06 p3            -1
03 | | 04,03 | | 04,03 | | 04,03 | | 04,03 | | 04,03 | | 04 p2            +1
01 | | 02,01 | | 02,01 | | 02,01 | | 02,01 | | 02,01 | | 02 p1
-----------------------------------------------------------
-----------------------------------------------------------
-----------------------------------------------------------