       -----------------------------------------------------------
       -----------------------------------------------------------
 00    ----01--------02--------03--------04--------05--------06---
       41 | | 42,41 | | 42,41 | | 42,41 | | 42,41 | | 42,41 | | 42
       39 | s 40,39 | | 40,39 | | 40,39 | | 40,39 | | 40,39 | | 40
       37 | | 38,37 | x 38,37 | | 38,37 | | 38,37 | | 38,37 | | 38
       35 | | 36,35 t | 36,35 | | 36,35 | | 36,35 | | 36,35 u | 36
       33 | | 34,33 | | 34,33 | | 34,33 | | 34,33 | | 34,33 | | 34
       31 | | 32,31 | | 32,31 | | 32,31 | | 32,31 | | 32,31 | | 32
       29 | | 30,29 | | 30,29 | | 30,29 |2B 30,29 | | 30,29 | | 30
       -----------------------------------***********-------------
       -----------------------------------*---------*-------------
       -------------------------***********---------*-------------
       27 | | 28,27 | | 28,27 | * 28,27 | | 28,27 | * 28,27 | | 28      
       25 | | 26,25 | | 26,25 | * 26,25 | | 26,25 | * 26,25 | | 26
       23 | | 24,23 | | 24,23 |1A 24,23 | | 24,23 | * 24,23 | u 24          
       21 t | 22,21 | | 22,21 | | 22,21 | | 22,21 | * 22,21 | | 22
       19 | | 20,19 s4| 20,19 | | 20,19 | | 20,19 | * 20,19 | | 20          
       17 | | 18,17 * | 18,17 | | 18,17 | B 18,17 |3z 18,17 | | 18
       15 | | 16,15 * | 16,15 | | 16,15 | | 16,15 | * 16,15 | | 16          
       -------------*********************************-------------
       -----------------------------------------------------------
       -----------------------------------------------------------
| | ** 13 | | 14,13 | | 14,13 | | 14,13 x | 14,13 | | 14,13 | | 14
| | ** 11 | | 12,11 t z 12,11 | | 12,11 | | 12,11 | | 12,11 | u 12 
| | ** 09 | | 10,09 | | 10,09 | | 10,09 | | 10,09 | | 10,09 | | 10 
| | ** 07 | | 08,07 | | 08,07 | | 08,07 | | 08,07 | | 08,07 | | 08 
| | ** 05 | | 06,05 | | 06,05 | z 06,05 | | 06,05 | z 06,05 | | 06 
| | ** 03 | | 04,03 | | 04,03 | | 04,03 | | 04,03 | | 04,03 | | 04 
| | **,01 | | 02,01 | | 02,01 | | 02,01 | | 02,01 | | 02,01 | | 02 
------------------------------------------------------------------
------------------------------------------------------------------
------------------------------------------------------------------
 [E]**,** | | 
